updated matchers 1 is:
[147.04149, 332.94437;
 149.10678, 326.00064;
 153.20381, 316.35812;
 153.20381, 316.35812;
 157.84283, 308.89023;
 160.01027, 317.67682;
 164.19371, 313.82657;
 172.23241, 300.68604;
 172.53358, 305.48834;
 179.8297, 293.4166;
 179.8297, 293.4166;
 213.99106, 337.09259;
 214.81007, 327.06763;
 217.34854, 353.73923;
 232.60451, 332.04855;
 342.75208, 323.61014;
 444.40585, 323.45557;
 444.40585, 323.45557;
 528.9306, 323.0563;
 555.58643, 319.98669;
 555.58643, 319.98669;
 580.78107, 328.34064;
 601.1637, 315.08154]
updated matchers 2 is:
[141.32335, 335.03601;
 145.91307, 327.87482;
 151.91821, 317.03455;
 151.91821, 317.03455;
 158.18352, 308.90997;
 158.85886, 318.37207;
 164.10532, 313.70657;
 173.66284, 300.23965;
 173.54018, 305.43961;
 181.91748, 292.47946;
 181.91748, 292.47946;
 211.53091, 339.65283;
 209.84814, 329.56186;
 213.01128, 357.77249;
 230.43198, 334.20859;
 342.96091, 325.98776;
 442.85077, 325.99863;
 442.85077, 325.99863;
 537.39008, 325.40286;
 564.64844, 322.35577;
 564.64844, 322.35577;
 587.99316, 318.87845;
 598.68231, 318.44766]
ROI中匹配点个数为: 23
我们发现了 4 个解
n0 is 
[-0.133136927634265;
 0.9848308629686399;
 0.1112777149502655]
t0 is 
[-0.07424529136816072;
 0.04138672954113748;
 -0.1171749834244978]
n1 is 
[0.133136927634265;
 -0.9848308629686399;
 -0.1112777149502655]
t1 is 
[0.07424529136816072;
 -0.04138672954113748;
 0.1171749834244978]
n2 is 
[-0.4796984841146527;
 0.33870648869097;
 -0.8094240414373286]
t2 is 
[-0.02400029848476681;
 0.1423672366962941;
 0.01052411521645153]
n3 is 
[0.4796984841146527;
 -0.33870648869097;
 0.8094240414373286]
t3 is 
[0.02400029848476681;
 -0.1423672366962941;
 -0.01052411521645153]
Z为负值，此解为无效解！！！
无效解为： 0.1331369276  -0.984830863  -0.111277715
Z为负值，此解为无效解！！！
无效解为： -0.4796984841  0.3387064887  -0.8094240414
向量n的最终解为： 
-0.1331369276
0.984830863
0.111277715

after optimization:
初始预测的R is :
0.9992224004  -0.003355848473  0.03928527381
0.004004377456  0.9998568163  -0.01644116539
-0.03922447474  0.01658569382  0.9990927661
R的估计值 is :
   0.9993849103 0.0007616988038   0.03506024615
 -0.00011743426     0.999831171  -0.01837431993
 -0.03506832266    0.0183589008    0.9992162746
初始预测的t is :  
-0.1262169953
0.07035744022
-0.1991974718
t的估计值 is :
-0.1323327543
0.07440317541
-0.1643836704
n 的估计值为 : 
-0.1331369276
0.984830863
0.111277715
d 的估计值为
1.700168817
右帧d的预测值为：1.676302082
左图车辆的三维空间位置为
x坐标为：-1.733413315
y坐标为：0.8869808503
距离为：5.354723341
右图车辆的三维空间位置为
x坐标为：-1.67089608
y坐标为：0.7912862568
距离为：5.108318659
